##呼吸系统疾病#反复发作,喘息,气促,胸闷,咳嗽,寒气受激咳嗽,咳痰,畏寒,发热,头痛,四肢酸痛,乏力,咽痒,胸骨后疼痛,喷嚏,鼻塞流涕，咽痛
##呼吸系统疾病#9,10,11,12,13,14,15,16,17,18,19,20,21,22,23,24,25
#哮喘#1,0.3,0.3,0.4,0.3,0,0,0,0,0,0,0,0,0,0,0,0
#气管炎#0,0,0,0,0.7,0,0.5,0.5,0.4,0.4,0.3,0,0,0,0,0,0
#支气管炎#0,0,0,0,0,0.8,0,0.5,0.3,0,0,0.5,0.6,0.7,0,0,0
#感冒#0,0.6,0,0,0.7,0,0,0,0,0,0,0,0,0,0.7,0.8,0.8

##循环系统疾病#头晕,头痛,颈项板紧,心悸,肢体麻木,夜尿增多,乏力,眼黑,肢软,冷汗,少尿,视力模糊
##循环系统疾病#31,18,32,38,33,34,20,36,35,37,39,40
#高血压#0.6,0.6,0.5,0.4,0.5,0.8,0.5,0,0,0,0,0
#低血压#0.6,0,0,0.5,0,0,0,0.6,0.4,0.4,0.7,0.6